!number of scintillator planes
4
!polar angle normal to plane i 
25.    75.   105.  130.0
!minimal polar angle for plane i
 7.79  46.41  74.78  107.08
!maximal polar angle for plane i
 46.55  74.62  106.92  141.97
!radius(smallest distance between plane i and target
494.39 455.70 398.30  377.49
!half-thickness of the scintillator
2.5
!number of counters in each plane
23  11  11  12
!lenght of every physical counter (57)
32.29
48.14
64.00
79.85
95.71
106.56
122.42
138.27
154.13
169.98 
185.83
201.69
217.54 
233.40 
249.25 
265.11 
280.96 
296.82 
312.67 
328.53 
344.38 
360.24 
376.1 
371.3 
378.16 
385.01 
391.87 
398.73 
405.61 
412.47 
419.33 
426.19 
433.05 
439.9 
445.06 
439.32 
433.55 
427.81 
422.05 
416.31 
410.54 
404.77 
399.03 
393.27 
387.53
380.06
363.52
346.96
330.43
313.87
297.31
280.77
264.21
247.79
235.41
224.05
212.67
end
! new geometry added to old (temporary)
 1 1 76.97 -16.14 509.59 76.97 16.14 509.59 15.0 5.08 .0
 2 1 90.70 -24.07 503.19 90.70 24.06 503.19 15.0 5.08 .0
 3 1 104.43 -32.0 496.78 104.43 32.0 496.78 15.0 5.08 .0
 4 1 118.16 -39.92 490.38 118.16 39.92 490.38 15.0 5.08 .0
 5 1 131.89 -47.85 483.98 131.89 47.85 483.98 15.0 5.08 .0
 6 1 145.62 -53.28 477.58 145.62 53.27 477.58 15.0 5.08 .0
 7 1 159.35 -61.21 471.17 159.35 61.20 471.17 15.0 5.08 .0
 8 1 173.08 -69.13 464.77 173.08 69.13 464.77 15.0 5.08 .0
 9 1 186.81 -77.06 458.37 186.81 77.06 458.37 15.0 5.08 .0
 10 1 200.54 -84.99 451.97 200.54 84.98 451.97 15.0 5.08 .0
 11 1 214.27 -92.92 445.56 214.27 92.91 445.56 15.0 5.08 .0
 12 1 228.00 -100.84 439.16 228.00 100.84 439.16 15.0 5.08 .0
 13 1 241.73 -108.77 432.76 241.73 108.77 432.76 15.0 5.08 .0
 14 1 255.46 -116.7 426.36 255.46 116.69 426.36 15.0 5.08 .0
 15 1 269.19 -124.63 419.95 269.19 124.62 419.95 15.0 5.08 .0
 16 1 282.92 -132.55 413.55 282.92 132.55 413.55 15.0 5.08 .0
 17 1 296.65 -140.48 407.15 296.65 140.48 407.15 15.0 5.08 .0
 18 1 310.38 -148.41 400.75 310.38 148.41 400.75 15.0 5.08 .0
 19 1 324.11 -156.33 394.34 324.11 156.33 394.34 15.0 5.08 .0
 20 1 337.85 -164.26 387.94 337.85 164.26 387.94 15.0 5.08 .0
 21 1 351.58 -172.19 381.54 351.58 172.19 381.54 15.0 5.08 .0
 22 1 365.31 -180.12 375.14 365.31 180.11 375.14 15.0 5.08 .0
 23 1 379.04 -188.05 368.73 379.04 188.05 368.73 15.0 5.08 .0
 24 2 378.79 -185.65 347.00 378.79 185.64 347.00 22.0 5.08 .0
 25 2 384.56 -189.08 325.46 384.56 189.08 325.46 22.0 5.08 .0
 26 2 390.34 -192.50 303.91 390.34 192.50 303.91 22.0 5.08 .0
 27 2 396.11 -195.93 282.37 396.11 195.93 282.37 22.0 5.08 .0
 28 2 401.88 -199.36 260.83 401.88 199.36 260.83 22.0 5.08 .0
 29 2 407.65 -202.80 239.29 407.65 202.80 239.29 22.0 5.08 .0
 30 2 413.42 -206.23 217.75 413.42 206.23 217.75 22.0 5.08 .0
 31 2 419.19 -209.66 196.21 419.19 209.66 196.21 22.0 5.08 .0
 32 2 424.97 -213.09 174.67 424.97 213.09 174.67 22.0 5.08 .0
 33 2 430.74 -216.52 153.13 430.74 216.52 153.13 22.0 5.08 .0
 34 2 436.51 -219.95 131.59 436.51 219.94 131.59 22.0 5.08 .0
 35 3 441.87 -222.53 110.20 441.87 222.52 110.20 22.0 5.08 .0
 36 3 436.10 -219.66 88.66 436.10 219.66 88.66 22.0 5.08 .0
 37 3 430.33 -216.77 67.12 430.33 216.77 67.12 22.0 5.08 .0
 38 3 424.56 -213.90 45.58 424.56 213.90 45.58 22.0 5.08 .0
 39 3 418.79 -211.02 24.04 418.79 211.02 24.04 22.0 5.08 .0
 40 4 410.13 -206.71 -8.26 410.13 206.71 -8.26 44.0 5.08 -1.44
 41 4 398.59 -200.95 -51.34 398.59 200.94 -51.34 44.0 5.08 -1.43
 42 4 387.04 -195.2 -94.43 387.04 195.19 -94.43 44.0 5.08 -1.43
 43 5 377.42 -185.89 -137.47 377.42 185.89 -137.47 44.0 5.08 -4.13
 44 5 348.75 -169.34 -171.63 348.75 169.34 -171.63 44.0 5.08 -4.13
 45 5 320.09 -152.79 -205.8 320.09 152.79 -205.8 44.0 5.08 -4.14
 46 5 291.42 -136.24 -239.96 291.42 136.24 -239.96 44.0 5.08 -4.14
 47 6 267.24 -120.8 -268.77 267.24 120.8 -268.77 30.0 5.08 -3.10
 48 6 247.56 -109.18 -292.23 247.56 109.18 -292.23 30.0 5.08 -2.84
end

